0 0 r 2 0 
0 0 g 2 0 
0 0 b 2 0 
0 1 r 2 1 
0 1 g 2 0 
0 1 b 2 0 
0 2 r 2 0 
0 2 g 2 0 
0 2 b 2 0 
1 0 r 2 0 
1 0 g 2 1 
1 0 b 2 0 
1 2 r 2 0 
1 2 g 2 0 
1 2 b 2 1 
2 0 r 2 0 
2 0 g 2 0 
2 0 b 2 0 
2 1 r 2 1 
2 1 g 2 0 
2 1 b 2 0 
2 2 r 2 0 
2 2 g 2 1 
2 2 b 2 0 
0 3 r 2 0 
0 3 g 2 0 
0 3 b 2 1 
0 4 r 2 0 
0 4 g 2 0 
0 4 b 2 0 
0 5 r 2 0 
0 5 g 2 0 
0 5 b 2 0 
1 3 r 2 1 
1 3 g 2 0 
1 3 b 2 0 
1 5 r 2 0 
1 5 g 2 1 
1 5 b 2 0 
2 3 r 2 0 
2 3 g 2 0 
2 3 b 2 1 
2 4 r 2 0 
2 4 g 2 0 
2 4 b 2 0 
2 5 r 2 1 
2 5 g 2 0 
2 5 b 2 0 
0 6 r 2 0 
0 6 g 2 1 
0 6 b 2 0 
0 7 r 2 0 
0 7 g 2 0 
0 7 b 2 1 
0 8 r 2 0 
0 8 g 2 0 
0 8 b 2 0 
1 6 r 2 1 
1 6 g 2 0 
1 6 b 2 0 
1 8 r 2 0 
1 8 g 2 1 
1 8 b 2 0 
2 6 r 2 0 
2 6 g 2 0 
2 6 b 2 1 
2 7 r 2 0 
2 7 g 2 0 
2 7 b 2 0 
2 8 r 2 0 
2 8 g 2 0 
2 8 b 2 0 
0 9 r 2 0 
0 9 g 2 0 
0 9 b 2 0 
0 10 r 2 1 
0 10 g 2 0 
0 10 b 2 0 
0 11 r 2 0 
0 11 g 2 1 
0 11 b 2 0 
1 9 r 2 0 
1 9 g 2 0 
1 9 b 2 1 
1 11 r 2 0 
1 11 g 2 0 
1 11 b 2 0 
2 9 r 4 3 
2 9 g 3 0 
2 9 b 4 0 
2 10 r 2 0 
2 10 g 2 0 
2 10 b 2 0 
2 11 r 4 3 
2 11 g 4 0 
2 11 b 4 1 
0 12 r 3 0 
0 12 g 3 0 
0 12 b 3 2 
0 13 r 3 0 
0 13 g 3 0 
0 13 b 3 2 
0 14 r 4 0 
0 14 g 4 1 
0 14 b 4 0 
1 12 r 2 0 
1 12 g 2 1 
1 12 b 2 0 
1 14 r 4 0 
1 14 g 4 3 
1 14 b 4 0 
2 12 r 4 1 
2 12 g 4 0 
2 12 b 3 0 
2 13 r 4 0 
2 13 g 4 1 
2 13 b 4 0 
2 14 r 4 1 
2 14 g 4 0 
2 14 b 4 1 
0 15 r 2 0 
0 15 g 2 0 
0 15 b 2 0 
0 16 r 2 1 
0 16 g 2 0 
0 16 b 2 0 
0 17 r 2 0 
0 17 g 2 0 
0 17 b 2 0 
1 15 r 2 0 
1 15 g 2 1 
1 15 b 2 0 
1 17 r 2 0 
1 17 g 2 0 
1 17 b 2 1 
2 15 r 2 0 
2 15 g 2 0 
2 15 b 2 0 
2 16 r 2 0 
2 16 g 2 0 
2 16 b 2 0 
2 17 r 2 1 
2 17 g 2 0 
2 17 b 2 0 
0 18 r 2 0 
0 18 g 2 1 
0 18 b 2 0 
0 19 r 3 0 
0 19 g 3 1 
0 19 b 3 0 
0 20 r 2 0 
0 20 g 2 0 
0 20 b 2 0 
1 18 r 3 0 
1 18 g 3 2 
1 18 b 3 0 
1 20 r 2 0 
1 20 g 2 0 
1 20 b 2 0 
2 18 r 2 0 
2 18 g 2 0 
2 18 b 2 0 
2 19 r 4 0 
2 19 g 4 3 
2 19 b 4 0 
2 20 r 4 2 
2 20 g 2 0 
2 20 b 3 0 
0 21 r 4 2 
0 21 g 4 0 
0 21 b 4 1 
0 22 r 4 0 
0 22 g 4 1 
0 22 b 4 0 
0 23 r 4 1 
0 23 g 4 0 
0 23 b 4 1 
1 21 r 4 0 
1 21 g 4 1 
1 21 b 4 0 
1 23 r 4 2 
1 23 g 4 0 
1 23 b 4 1 
2 21 r 2 0 
2 21 g 2 0 
2 21 b 2 0 
2 22 r 4 3 
2 22 g 4 0 
2 22 b 4 1 
2 23 r 4 0 
2 23 g 4 1 
2 23 b 4 0 
0 24 r 4 2 
0 24 g 4 0 
0 24 b 4 1 
0 25 r 3 0 
0 25 g 3 0 
0 25 b 3 2 
0 26 r 4 0 
0 26 g 4 2 
0 26 b 3 0 
1 24 r 4 0 
1 24 g 4 0 
1 24 b 4 1 
1 26 r 2 0 
1 26 g 2 0 
1 26 b 2 0 
2 24 r 3 2 
2 24 g 3 0 
2 24 b 3 0 
2 25 r 4 3 
2 25 g 4 0 
2 25 b 4 1 
2 26 r 2 0 
2 26 g 2 0 
2 26 b 2 0 
0 27 r 3 2 
0 27 g 3 0 
0 27 b 3 0 
0 28 r 2 1 
0 28 g 2 0 
0 28 b 2 0 
0 29 r 4 1 
0 29 g 4 0 
0 29 b 4 1 
1 27 r 2 0 
1 27 g 2 0 
1 27 b 2 0 
1 29 r 4 3 
1 29 g 4 0 
1 29 b 4 1 
2 27 r 4 0 
2 27 g 4 1 
2 27 b 4 0 
2 28 r 4 1 
2 28 g 4 0 
2 28 b 4 1 
2 29 r 4 0 
2 29 g 4 1 
2 29 b 4 0 
0 30 r 4 1 
0 30 g 4 0 
0 30 b 4 1 
0 31 r 2 0 
0 31 g 2 0 
0 31 b 2 0 
0 32 r 3 2 
0 32 g 3 0 
0 32 b 3 0 
1 30 r 3 2 
1 30 g 3 0 
1 30 b 3 0 
1 32 r 2 1 
1 32 g 2 0 
1 32 b 2 0 
2 30 r 2 0 
2 30 g 2 1 
2 30 b 2 0 
2 31 r 3 0 
2 31 g 3 1 
2 31 b 3 0 
2 32 r 2 0 
2 32 g 2 0 
2 32 b 2 0 
0 33 r 3 0 
0 33 g 3 1 
0 33 b 3 0 
0 34 r 3 0 
0 34 g 3 2 
0 34 b 3 0 
0 35 r 2 0 
0 35 g 2 0 
0 35 b 2 0 
1 33 r 3 0 
1 33 g 3 1 
1 33 b 3 0 
1 35 r 2 0 
1 35 g 2 1 
1 35 b 2 0 
2 33 r 2 0 
2 33 g 2 0 
2 33 b 2 1 
2 34 r 2 0 
2 34 g 2 0 
2 34 b 2 0 
2 35 r 2 1 
2 35 g 2 0 
2 35 b 2 0 
0 36 r 4 1 
0 36 g 4 0 
0 36 b 4 1 
0 37 r 4 0 
0 37 g 4 1 
0 37 b 4 0 
0 38 r 2 0 
0 38 g 2 1 
0 38 b 2 0 
1 36 r 4 0 
1 36 g 4 3 
1 36 b 4 0 
1 38 r 4 1 
1 38 g 4 0 
1 38 b 4 1 
2 36 r 4 0 
2 36 g 4 1 
2 36 b 4 0 
2 37 r 2 0 
2 37 g 2 1 
2 37 b 2 0 
2 38 r 4 0 
2 38 g 4 3 
2 38 b 4 0 
0 39 r 4 1 
0 39 g 4 0 
0 39 b 4 2 
0 40 r 4 0 
0 40 g 4 1 
0 40 b 4 0 
0 41 r 4 2 
0 41 g 4 0 
0 41 b 4 1 
1 39 r 3 0 
1 39 g 3 0 
1 39 b 3 2 
1 41 r 2 0 
1 41 g 2 0 
1 41 b 2 0 
2 39 r 2 1 
2 39 g 2 0 
2 39 b 2 0 
2 40 r 2 0 
2 40 g 2 1 
2 40 b 2 0 
2 41 r 4 0 
2 41 g 4 3 
2 41 b 2 0 
0 42 r 4 0 
0 42 g 4 3 
0 42 b 4 0 
0 43 r 3 0 
0 43 g 3 0 
0 43 b 3 0 
0 44 r 2 1 
0 44 g 2 0 
0 44 b 2 0 
1 42 r 2 0 
1 42 g 2 1 
1 42 b 2 0 
1 44 r 2 0 
1 44 g 2 0 
1 44 b 2 0 
2 42 r 2 0 
2 42 g 2 0 
2 42 b 2 1 
2 43 r 3 0 
2 43 g 3 0 
2 43 b 3 2 
2 44 r 4 0 
2 44 g 4 1 
2 44 b 4 0 
0 45 r 2 0 
0 45 g 2 1 
0 45 b 2 0 
0 46 r 4 0 
0 46 g 4 0 
0 46 b 4 1 
0 47 r 2 0 
0 47 g 2 0 
0 47 b 2 0 
1 45 r 2 1 
1 45 g 2 0 
1 45 b 2 0 
1 47 r 2 0 
1 47 g 2 1 
1 47 b 2 0 
2 45 r 2 0 
2 45 g 2 0 
2 45 b 2 1 
2 46 r 2 0 
2 46 g 2 0 
2 46 b 2 0 
2 47 r 2 1 
2 47 g 2 0 
2 47 b 2 0 
0 48 r 4 1 
0 48 g 4 0 
0 48 b 4 1 
0 49 r 2 0 
0 49 g 2 0 
0 49 b 2 0 
0 50 r 4 3 
0 50 g 4 0 
0 50 b 4 2 
1 48 r 2 0 
1 48 g 2 0 
1 48 b 2 0 
1 50 r 2 1 
1 50 g 2 0 
1 50 b 2 0 
2 48 r 3 0 
2 48 g 3 0 
2 48 b 3 0 
2 49 r 2 1 
2 49 g 2 0 
2 49 b 2 0 
2 50 r 3 0 
2 50 g 3 0 
2 50 b 2 0 
0 51 r 4 2 
0 51 g 4 0 
0 51 b 4 1 
0 52 r 4 0 
0 52 g 4 1 
0 52 b 4 0 
0 53 r 4 1 
0 53 g 4 0 
0 53 b 4 1 
1 51 r 4 0 
1 51 g 4 2 
1 51 b 4 0 
1 53 r 4 1 
1 53 g 4 0 
1 53 b 4 1 
2 51 r 3 0 
2 51 g 3 0 
2 51 b 3 0 
2 52 r 3 0 
2 52 g 3 2 
2 52 b 3 0 
2 53 r 4 0 
2 53 g 4 0 
2 53 b 4 1 
0 54 r 3 0 
0 54 g 3 0 
0 54 b 3 2 
0 55 r 4 0 
0 55 g 4 1 
0 55 b 4 0 
0 56 r 3 0 
0 56 g 3 0 
0 56 b 3 0 
1 54 r 4 3 
1 54 g 4 0 
1 54 b 4 1 
1 56 r 4 0 
1 56 g 4 2 
1 56 b 4 0 
2 54 r 2 0 
2 54 g 2 1 
2 54 b 2 0 
2 55 r 4 0 
2 55 g 4 3 
2 55 b 3 0 
2 56 r 4 1 
2 56 g 4 0 
2 56 b 4 1 
0 57 r 2 0 
0 57 g 2 0 
0 57 b 2 0 
0 58 r 3 2 
0 58 g 3 0 
0 58 b 3 0 
0 59 r 2 1 
0 59 g 2 0 
0 59 b 2 0 
1 57 r 4 1 
1 57 g 4 0 
1 57 b 4 1 
1 59 r 4 0 
1 59 g 4 1 
1 59 b 4 0 
2 57 r 2 0 
2 57 g 2 1 
2 57 b 2 0 
2 58 r 4 0 
2 58 g 4 0 
2 58 b 2 0 
2 59 r 4 3 
2 59 g 4 0 
2 59 b 4 1 
0 60 r 4 0 
0 60 g 4 1 
0 60 b 4 0 
0 61 r 2 0 
0 61 g 2 1 
0 61 b 2 0 
0 62 r 2 0 
0 62 g 2 0 
0 62 b 2 1 
1 60 r 4 0 
1 60 g 4 1 
1 60 b 4 0 
1 62 r 2 0 
1 62 g 2 1 
1 62 b 2 0 
2 60 r 4 0 
2 60 g 4 3 
2 60 b 3 0 
2 61 r 2 0 
2 61 g 2 0 
2 61 b 2 0 
2 62 r 3 0 
2 62 g 3 1 
2 62 b 3 0 
0 63 r 2 0 
0 63 g 2 0 
0 63 b 2 0 
0 64 r 2 0 
0 64 g 2 0 
0 64 b 2 0 
0 65 r 2 0 
0 65 g 2 0 
0 65 b 2 1 
1 63 r 2 0 
1 63 g 2 0 
1 63 b 2 0 
1 65 r 3 2 
1 65 g 3 0 
1 65 b 3 0 
2 63 r 3 2 
2 63 g 4 0 
2 63 b 2 0 
2 64 r 3 2 
2 64 g 3 0 
2 64 b 3 0 
2 65 r 4 3 
2 65 g 4 0 
2 65 b 4 1 
0 66 r 4 0 
0 66 g 4 1 
0 66 b 4 0 
0 67 r 2 0 
0 67 g 2 0 
0 67 b 2 0 
0 68 r 4 1 
0 68 g 4 0 
0 68 b 4 1 
1 66 r 2 0 
1 66 g 2 0 
1 66 b 2 0 
1 68 r 4 0 
1 68 g 4 1 
1 68 b 4 0 
2 66 r 2 0 
2 66 g 2 1 
2 66 b 2 0 
2 67 r 3 0 
2 67 g 3 2 
2 67 b 3 0 
2 68 r 4 0 
2 68 g 4 0 
2 68 b 4 1 
0 69 r 2 0 
0 69 g 2 0 
0 69 b 2 0 
0 70 r 2 1 
0 70 g 2 0 
0 70 b 2 0 
0 71 r 4 1 
0 71 g 4 0 
0 71 b 4 1 
1 69 r 2 0 
1 69 g 2 0 
1 69 b 2 0 
1 71 r 4 3 
1 71 g 4 0 
1 71 b 4 1 
2 69 r 2 0 
2 69 g 2 0 
2 69 b 2 0 
2 70 r 2 1 
2 70 g 2 0 
2 70 b 2 0 
2 71 r 3 0 
2 71 g 3 0 
2 71 b 3 0 
0 72 r 4 3 
0 72 g 4 0 
0 72 b 4 1 
0 73 r 3 0 
0 73 g 3 0 
0 73 b 3 0 
0 74 r 2 0 
0 74 g 2 0 
0 74 b 2 0 
1 72 r 3 0 
1 72 g 3 2 
1 72 b 3 0 
1 74 r 4 0 
1 74 g 4 0 
1 74 b 4 1 
2 72 r 2 0 
2 72 g 2 0 
2 72 b 2 0 
2 73 r 2 1 
2 73 g 2 0 
2 73 b 2 0 
2 74 r 3 0 
2 74 g 3 0 
2 74 b 3 0 
0 75 r 4 3 
0 75 g 4 0 
0 75 b 4 2 
0 76 r 3 0 
0 76 g 3 0 
0 76 b 3 2 
0 77 r 2 0 
0 77 g 2 0 
0 77 b 2 0 
1 75 r 2 1 
1 75 g 2 0 
1 75 b 2 0 
1 77 r 2 0 
1 77 g 2 1 
1 77 b 2 0 
2 75 r 2 0 
2 75 g 2 0 
2 75 b 2 1 
2 76 r 2 0 
2 76 g 2 0 
2 76 b 2 0 
2 77 r 3 2 
2 77 g 3 0 
2 77 b 3 0 
0 78 r 4 0 
0 78 g 4 1 
0 78 b 4 0 
0 79 r 3 0 
0 79 g 3 0 
0 79 b 3 0 
0 80 r 2 1 
0 80 g 2 0 
0 80 b 2 0 
1 78 r 3 0 
1 78 g 3 0 
1 78 b 3 0 
1 80 r 4 3 
1 80 g 4 0 
1 80 b 4 1 
2 78 r 3 0 
2 78 g 3 0 
2 78 b 2 0 
2 79 r 3 0 
2 79 g 3 2 
2 79 b 2 0 
2 80 r 4 0 
2 80 g 4 3 
2 80 b 4 0 
0 81 r 2 0 
0 81 g 2 1 
0 81 b 2 0 
0 82 r 2 0 
0 82 g 2 0 
0 82 b 2 0 
0 83 r 3 0 
0 83 g 3 1 
0 83 b 3 0 
1 81 r 2 0 
1 81 g 2 0 
1 81 b 2 0 
1 83 r 2 0 
1 83 g 2 0 
1 83 b 2 1 
2 81 r 2 0 
2 81 g 2 0 
2 81 b 2 0 
2 82 r 2 1 
2 82 g 2 0 
2 82 b 2 0 
2 83 r 2 0 
2 83 g 2 0 
2 83 b 2 0 
0 84 r 3 1 
0 84 g 2 0 
0 84 b 2 0 
0 85 r 2 0 
0 85 g 2 1 
0 85 b 2 0 
0 86 r 3 0 
0 86 g 3 1 
0 86 b 3 0 
1 84 r 2 0 
1 84 g 2 0 
1 84 b 2 0 
1 86 r 2 0 
1 86 g 2 0 
1 86 b 2 0 
2 84 r 3 0 
2 84 g 3 1 
2 84 b 3 0 
2 85 r 2 0 
2 85 g 2 0 
2 85 b 2 0 
2 86 r 2 0 
2 86 g 2 0 
2 86 b 2 1 
0 87 r 2 0 
0 87 g 2 0 
0 87 b 2 0 
0 88 r 2 1 
0 88 g 2 0 
0 88 b 2 0 
0 89 r 2 0 
0 89 g 2 1 
0 89 b 3 0 
1 87 r 3 0 
1 87 g 3 0 
1 87 b 3 0 
1 89 r 2 1 
1 89 g 2 0 
1 89 b 2 0 
2 87 r 4 1 
2 87 g 4 0 
2 87 b 4 1 
2 88 r 2 0 
2 88 g 2 0 
2 88 b 2 0 
2 89 r 2 1 
2 89 g 2 0 
2 89 b 2 0 
0 90 r 2 0 
0 90 g 2 1 
0 90 b 2 0 
0 91 r 2 0 
0 91 g 2 0 
0 91 b 2 1 
0 92 r 2 0 
0 92 g 2 0 
0 92 b 2 0 
1 90 r 2 0 
1 90 g 2 0 
1 90 b 2 0 
1 92 r 2 1 
1 92 g 2 0 
1 92 b 2 0 
2 90 r 3 0 
2 90 g 3 0 
2 90 b 3 0 
2 91 r 2 1 
2 91 g 2 0 
2 91 b 2 0 
2 92 r 2 0 
2 92 g 2 1 
2 92 b 2 0 
0 93 r 2 0 
0 93 g 2 0 
0 93 b 2 0 
0 94 r 4 0 
0 94 g 4 3 
0 94 b 2 0 
0 95 r 4 0 
0 95 g 4 3 
0 95 b 3 0 
1 93 r 2 0 
1 93 g 2 0 
1 93 b 2 0 
1 95 r 2 0 
1 95 g 2 0 
1 95 b 2 1 
2 93 r 2 0 
2 93 g 2 0 
2 93 b 2 0 
2 94 r 2 1 
2 94 g 2 0 
2 94 b 2 0 
2 95 r 2 0 
2 95 g 2 1 
2 95 b 2 0 
0 96 r 3 0 
0 96 g 3 2 
0 96 b 3 0 
0 97 r 2 0 
0 97 g 2 0 
0 97 b 2 0 
0 98 r 2 0 
0 98 g 2 0 
0 98 b 2 1 
1 96 r 2 0 
1 96 g 2 0 
1 96 b 2 0 
1 98 r 2 1 
1 98 g 2 0 
1 98 b 2 0 
2 96 r 2 0 
2 96 g 2 1 
2 96 b 2 0 
2 97 r 2 0 
2 97 g 2 0 
2 97 b 2 1 
2 98 r 2 0 
2 98 g 2 0 
2 98 b 2 0 
0 99 r 2 1 
0 99 g 2 0 
0 99 b 2 0 
0 100 r 2 0 
0 100 g 2 1 
0 100 b 2 0 
0 101 r 4 0 
0 101 g 4 3 
0 101 b 4 0 
1 99 r 2 0 
1 99 g 2 1 
1 99 b 2 0 
1 101 r 3 0 
1 101 g 4 2 
1 101 b 4 0 
2 99 r 2 0 
2 99 g 2 1 
2 99 b 2 0 
2 100 r 2 0 
2 100 g 2 0 
2 100 b 2 1 
2 101 r 2 0 
2 101 g 2 0 
2 101 b 2 0 
0 102 r 2 0 
0 102 g 2 0 
0 102 b 2 0 
0 103 r 2 1 
0 103 g 4 0 
0 103 b 2 0 
0 104 r 4 0 
0 104 g 4 2 
0 104 b 4 0 
1 102 r 2 0 
1 102 g 2 1 
1 102 b 2 0 
1 104 r 2 0 
1 104 g 2 0 
1 104 b 2 1 
2 102 r 4 0 
2 102 g 4 1 
2 102 b 4 0 
2 103 r 3 0 
2 103 g 3 0 
2 103 b 3 0 
2 104 r 3 2 
2 104 g 3 0 
2 104 b 3 0 
0 105 r 2 1 
0 105 g 3 0 
0 105 b 3 0 
0 106 r 2 0 
0 106 g 2 0 
0 106 b 2 0 
0 107 r 3 2 
0 107 g 3 0 
0 107 b 3 0 
1 105 r 2 1 
1 105 g 2 0 
1 105 b 2 0 
1 107 r 2 0 
1 107 g 2 1 
1 107 b 2 0 
2 105 r 3 0 
2 105 g 3 1 
2 105 b 3 0 
2 106 r 3 0 
2 106 g 3 2 
2 106 b 3 0 
2 107 r 2 0 
2 107 g 2 0 
2 107 b 2 0 
0 108 r 2 0 
0 108 g 2 0 
0 108 b 2 0 
0 109 r 2 0 
0 109 g 2 0 
0 109 b 2 1 
0 110 r 2 0 
0 110 g 2 0 
0 110 b 2 0 
1 108 r 2 0 
1 108 g 2 0 
1 108 b 2 0 
1 110 r 2 1 
1 110 g 2 0 
1 110 b 2 0 
2 108 r 3 0 
2 108 g 3 0 
2 108 b 2 0 
2 109 r 3 1 
2 109 g 3 0 
2 109 b 2 0 
2 110 r 2 1 
2 110 g 2 0 
2 110 b 2 0 
0 111 r 3 0 
0 111 g 3 0 
0 111 b 3 0 
0 112 r 2 1 
0 112 g 2 0 
0 112 b 2 0 
0 113 r 2 0 
0 113 g 2 1 
0 113 b 2 0 
1 111 r 3 0 
1 111 g 3 1 
1 111 b 3 0 
1 113 r 3 0 
1 113 g 2 0 
1 113 b 4 0 
2 111 r 4 3 
2 111 g 4 0 
2 111 b 4 1 
2 112 r 2 0 
2 112 g 2 0 
2 112 b 2 0 
2 113 r 2 1 
2 113 g 2 0 
2 113 b 2 0 
0 114 r 2 0 
0 114 g 2 1 
0 114 b 2 0 
0 115 r 2 0 
0 115 g 2 0 
0 115 b 2 1 
0 116 r 2 0 
0 116 g 2 0 
0 116 b 2 0 
1 114 r 2 1 
1 114 g 2 0 
1 114 b 2 0 
1 116 r 2 0 
1 116 g 2 1 
1 116 b 2 0 
2 114 r 2 0 
2 114 g 2 0 
2 114 b 2 0 
2 115 r 2 0 
2 115 g 2 0 
2 115 b 2 1 
2 116 r 2 0 
2 116 g 2 0 
2 116 b 2 0 
0 117 r 2 1 
0 117 g 2 0 
0 117 b 2 0 
0 118 r 2 0 
0 118 g 2 1 
0 118 b 2 0 
0 119 r 2 0 
0 119 g 2 0 
0 119 b 2 1 
1 117 r 2 0 
1 117 g 2 0 
1 117 b 2 0 
1 119 r 2 1 
1 119 g 2 0 
1 119 b 2 0 
2 117 r 2 0 
2 117 g 2 1 
2 117 b 2 0 
2 118 r 2 0 
2 118 g 2 0 
2 118 b 2 1 
